675 360 0
674 358 0
673 357 1
672 357 1
671 355 1
670 355 1
669 354 1
668 354 1
667 354 1
666 353 1
665 353 1
664 352 1
663 353 1
662 354 1
661 354 1
660 352 1
659 352 1
658 352 1
657 352 1
656 352 1
655 353 1
654 352 1
653 354 1
652 354 1
651 354 1
650 354 1
649 354 1
648 354 1
647 354 1
646 352 1
645 354 1
644 354 1
643 354 1
642 352 1
641 354 1
640 354 1
639 352 1
638 354 1
637 354 1
636 354 1
635 354 1
634 354 1
633 354 1
632 354 1
631 354 1
630 354 1
629 354 1
628 354 1
627 354 1
626 354 1
625 354 1
624 354 1
623 354 1
622 354 1
621 354 1
620 354 1
619 354 1
618 354 1
617 354 1
616 354 1
615 354 1
614 354 1
613 354 1
612 354 1
611 354 1
610 354 1
609 354 1
608 354 1
607 354 1
606 354 1
605 354 1
604 354 1
603 354 1
602 354 1
601 354 1
600 352 1
599 353 1
598 352 1
597 353 1
596 352 1
595 354 1
594 352 1
593 352 1
592 353 1
591 352 1
590 352 1
589 353 1
588 352 1
587 352 1
586 354 1
585 352 1
584 353 1
583 353 1
582 354 1
581 353 1
580 354 1
579 354 1
578 353 1
577 354 1
576 354 1
575 354 1
574 354 1
573 354 1
572 354 1
571 354 1
570 354 1
569 354 1
568 354 1
567 354 1
566 354 1
565 354 1
564 354 1
563 354 1
562 354 1
561 354 1
560 354 1
559 354 1
558 354 1
557 353 1
556 348 1
555 348 1
554 346 1
553 347 1
552 348 0
551 347 0
550 344 1
549 341 0
548 336 0
547 331 0
546 328 0
545 327 0
544 332 0
543 335 1
542 334 1
541 333 1
540 332 1
539 331 1
538 330 1
537 329 1
536 328 1
535 327 1
534 326 1
533 325 1
532 324 1
531 323 1
530 322 1
529 321 1
528 320 1
527 320 1
526 319 1
525 317 1
524 316 1
523 315 1
522 315 1
521 313 1
520 313 1
519 316 1
518 315 1
517 310 0
516 307 1
515 302 1
514 305 1
513 303 1
512 304 1
511 303 1
510 302 1
509 304 1
508 301 1
507 299 1
506 299 1
505 297 1
504 296 1
503 295 1
502 294 1
501 293 1
500 292 1
499 291 1
498 290 1
497 290 1
496 289 1
495 289 1
494 289 1
493 289 1
492 289 1
491 289 1
490 289 1
489 289 1
488 289 1
487 289 1
486 289 1
485 289 1
484 289 1
483 289 1
482 289 1
481 289 1
480 289 1
479 289 1
478 289 1
477 289 1
476 289 1
475 288 1
474 286 1
473 285 1
472 284 1
471 283 1
470 282 1
469 281 1
468 280 1
467 279 1
466 278 1
465 277 1
464 276 1
463 275 1
462 274 1
461 273 1
460 272 1
459 271 1
458 270 1
457 269 1
456 266 1
455 267 1
454 266 1
453 265 1
452 264 1
451 263 1
450 262 1
449 261 1
448 260 1
447 259 1
446 258 1
445 257 1
444 256 1
443 255 1
442 254 1
441 253 1
440 252 1
439 251 1
438 250 1
437 249 1
436 249 1
435 247 1
434 246 1
433 245 1
432 245 1
431 243 1
430 242 1
429 241 1
428 240 1
427 240 1
426 240 1
425 240 1
424 240 1
423 238 1
422 238 1
421 240 1
420 240 1
419 239 1
418 239 1
417 239 1
416 240 1
415 240 1
414 240 1
413 238 1
412 238 1
411 239 1
410 238 1
409 238 1
408 238 1
407 237 1
406 236 1
405 235 1
404 234 1
403 233 1
402 232 1
401 231 1
400 230 1
399 229 1
398 228 1
397 227 1
396 226 1
395 225 1
394 225 1
393 223 1
392 222 1
391 221 1
390 220 1
389 219 1
388 218 1
387 217 1
386 216 1
385 215 1
384 214 1
383 213 1
382 212 1
381 211 1
380 210 1
379 209 1
378 208 1
377 207 1
376 206 1
375 205 1
374 204 1
373 203 1
372 202 1
371 201 1
370 200 1
369 199 1
368 198 1
367 197 1
366 196 1
365 195 1
364 194 1
363 194 1
362 192 1
361 191 1
360 190 1
359 189 1
358 188 1
357 187 1
356 186 1
355 185 1
354 184 1
353 183 1
352 182 1
351 181 1
350 180 1
349 179 1
348 178 1
347 177 1
346 176 1
345 175 1
344 174 1
343 173 1
342 172 1
341 171 1
340 170 1
339 169 1
338 168 1
337 167 1
336 166 1
335 165 1
334 164 1
333 163 1
332 162 1
331 161 1
330 160 1
329 159 1
328 158 1
327 157 1
326 156 1
325 155 1
324 154 1
323 153 1
322 152 1
321 151 1
320 150 1
319 149 1
318 148 1
317 147 1
316 146 1
315 145 1
314 144 1
313 143 1
312 142 1
311 141 1
310 140 1
309 139 1
308 138 1
307 137 1
306 136 1
305 135 1
304 134 1
303 133 1
302 134 1
301 132 1
300 131 0
299 129 0
298 129 0
297 128 0
296 128 0
295 128 0
294 124 0
293 124 0
292 122 1
291 121 1
290 120 1
289 119 1
288 119 1
287 118 1
286 116 1
285 116 1
284 115 1
283 115 1
282 114 1
281 113 1
280 113 1
279 113 1
278 113 1
277 113 1
276 113 1
275 113 1
274 113 1
273 113 1
272 113 1
271 113 1
270 113 1
269 112 1
268 113 1
267 113 1
266 113 1
265 113 1
264 113 1
263 113 1
262 113 1
261 113 1
260 113 1
259 112 1
258 113 1
257 113 1
256 113 1
255 113 1
254 113 1
253 112 1
252 113 1
251 112 1
250 112 1
249 113 1
248 112 1
247 113 1
246 113 1
245 113 1
244 113 1
243 113 1
242 113 1
241 113 1
240 113 1
239 113 1
238 113 1
237 113 1
236 113 1
235 113 1
234 113 1
233 113 1
232 113 1
231 113 1
230 113 1
229 113 1
228 113 1
227 113 1
226 113 1
225 113 1
224 113 1
223 113 1
222 113 1
221 113 1
220 113 1
219 113 1
218 113 1
217 113 1
216 113 1
215 113 1
214 113 1
213 113 1
212 112 1
211 113 1
210 113 1
209 113 1
208 112 1
207 113 1
206 113 1
205 113 1
204 113 1
203 113 1
202 113 1
201 112 1
200 113 1
199 113 1
198 113 1
197 113 1
196 113 1
195 113 1
194 113 1
193 113 1
192 113 1
191 113 1
190 113 1
189 113 1
188 113 1
187 113 1
186 113 1
185 113 1
184 113 1
183 113 1
182 113 1
181 113 1
180 113 1
179 113 1
178 113 1
177 113 1
176 113 1
175 113 1
174 113 1
173 113 1
172 113 1
171 113 1
170 113 1
169 113 1
168 113 1
167 113 1
166 113 1
165 113 1
164 113 1
163 113 1
162 113 1
161 113 1
160 113 1
159 113 1
158 113 1
157 113 1
156 113 1
155 113 1
154 113 1
153 113 1
152 113 1
151 113 1
150 113 1
149 113 1
148 113 1
147 113 1
146 113 1
145 112 1
144 112 1
143 112 1
142 112 1
141 112 1
140 112 1
139 112 1
138 112 1
137 112 1
136 112 1
135 112 1
134 112 1
133 112 1
132 112 1
131 112 1
130 112 1
129 112 1
128 112 1
127 112 1
126 112 1
125 112 1
124 112 1
123 112 1
122 112 1
121 112 1
120 112 1
119 112 1
118 112 1
117 112 1
116 112 1
115 112 1
114 112 1
113 112 1
112 112 1
111 112 1
110 112 1
109 112 1
108 112 1
107 112 1
106 112 1
105 112 1
104 112 1
103 112 1
102 112 1
101 112 1
100 112 1
99 112 1
98 112 1
97 112 1
96 112 1
95 112 1
94 112 1
93 112 1
92 112 1
91 112 1
90 112 1
89 112 1
88 112 1
87 112 1
86 112 1
85 112 1
84 112 1
83 112 1
82 112 1
81 112 1
80 112 1
79 112 1
78 112 1
77 112 1
76 112 1
75 112 1
74 112 1
73 112 1
72 112 1
71 109 1
70 106 1
69 105 1
68 105 1
67 105 1
66 105 1
65 110 1
64 109 1
63 104 1
62 102 1
61 102 1
60 101 1
59 99 1
58 97 1
57 96 1
56 95 1
55 94 1
54 93 1
53 92 1
52 91 1
51 90 1
50 89 1
49 88 1
48 87 1
47 86 1
46 85 1
45 84 1
44 83 1
43 82 1
42 81 1
41 80 1
40 79 1
39 78 1
38 73 1
37 76 1
36 75 1
35 74 1
34 73 1
33 72 1
32 71 1
31 70 1
30 69 1
29 68 1
28 67 1
27 65 1
26 65 1
25 64 1
24 63 1
23 62 1
22 61 1
21 60 1
20 59 1
19 58 1
18 57 1
17 57 1
16 56 1
15 51 1
14 47 1
13 44 1
12 41 1
11 38 1
10 33 1
9 28 1
8 23 1
7 19 1
6 15 1
5 11 1
4 8 1
3 4 1
2 2 1
1 1 1
0 1 0
